[[],[[[0],[8,10,2,8],[4]],[[7,7,2,2],10,1,2,[]]],[[[6,1,6,8,10],[8,6,4],[],[],2]]]
[[[[]],9],[]]

[[8]]
[[10,[6,3,[1,7],[4,4,2,7],[1,10]]],[[[5,5,7,9,1],3],[],[],2,3],[3,3,[1,[]],2],[2,10,6,[3,[],[],[1]]]]

[[[0,[0,7,8],5,[8,2,7,8]],10,1,4],[5],[10,[[],8,6,[5,8,9],3],[4,8,[3,3,2],[6,2,3,8,8],[10,10,2,5]],8,0]]
[[7],[7]]

[[4,[1,[8,8,6,9],[2,10,3],[3],[0,10,9,0,7]],[3,[4],2,3,4]],[[[6,4,1,7,5],10,[9,7],2],[0],9,0,1],[[7],[7,[6,0]],5,10,9]]
[[],[3,[],0,[7,[3,2,4,7],[10,2,2,2],[1,1,6,3]]],[5,8,[[3,0,7,8,3]],[[3,2,0],8,10,1,1],3],[[6,[],[10,9],3],[],10]]
